 Plane K = 1
      I =  1            2            3            4            5            6            7            8            9
 J=  1    7.95         8.70         7.40         7.12         7.20         9.19         7.17         4.49         4.62
 J=  2    7.37         8.92         9.07         7.82         8.02         6.17         6.02         3.46         3.50
 J=  3    9.44         6.27         7.26         5.64         5.25         5.76         5.66         4.28         5.31
 J=  4    9.00         5.35         6.27         7.33         5.30         5.08         3.86         5.50         6.61
 J=  5    6.76         6.94         6.36         5.98         6.79         4.69         3.62         5.77         8.22
 J=  6    7.65         5.64         7.87         6.74         6.83         5.05         6.32         9.22         11.3
 J=  7    6.20         13.0         6.95         6.09         7.23         7.36         8.34         7.63         8.14
 J=  8    6.48         7.47         6.77         8.42         7.03         7.45         8.43         6.63         7.95
 J=  9    6.67         7.87         8.42         7.54         8.29         7.85         6.86         11.7         11.7
 J= 10    9.54         9.33         7.83         9.93         7.84         12.0         10.1         10.7         19.6
 J= 11    9.76         8.16         5.54         6.64         6.23         7.68         12.1         15.6         15.1
 J= 12    6.64         6.21         5.63         4.83         7.76         13.1         14.8         15.2         13.1
 J= 13    4.13         4.87         4.57         7.27         11.8         12.4         12.5         20.9         26.9
 J= 14    2.33         3.47         4.31         6.92         10.4         11.6         13.7         24.7         31.9
 J= 15    3.96         3.65         2.65         5.10         7.91         9.66         12.9         16.4         24.5
 J= 16    5.41         4.44         5.05         6.95         8.00         11.8         16.1         15.9         19.8
 J= 17    5.02         4.74         2.66         4.83         18.0         19.7         21.7         23.0         21.7
 J= 18    4.73         4.80         4.32         7.88         23.7         38.6         32.3         31.0         37.6
 J= 19    4.26         3.13         6.21         13.7         22.3         19.3         14.6         33.3         47.4
 J= 20    1.65         2.22         4.22         6.57         8.95         11.5         9.78         18.0         19.1
 J= 21    3.26         2.82         2.77         4.04         8.61         8.74         12.8         13.6         13.3
 J= 22    5.26         3.75         3.62         4.58         6.89         7.56         11.8         12.8         23.9
 J= 23    5.79         6.92         4.18         4.92         6.74         7.89         12.2         20.1         18.9
 J= 24    5.96         4.15         4.32         6.08         8.51         9.14         11.4         12.3         15.1
 J= 25    7.92         7.26         6.29         5.41         4.88         5.29         9.34         8.65         9.33

      I = 10           11           12           13           14           15           16           17           18
 J=  1    6.40         3.68         11.0         4.27         3.93         2.86         4.22         4.86         2.66
 J=  2    5.59         4.81         4.20         4.83         1.76         1.93         2.15         3.07         1.24
 J=  3    5.65         6.74         7.81         5.84         1.57         1.44         1.68         1.69         2.80
 J=  4    7.20         9.52         8.29         5.49         3.61         1.75         1.16         1.86         1.27
 J=  5    8.05         6.43         6.47         7.74         3.10         1.88        0.971         1.21         1.35
 J=  6    7.09         5.57         4.24         4.40         4.15         2.31         1.09        0.389        0.735
 J=  7    5.16         5.20         4.47         4.86         3.15         2.96        0.763        0.728         1.13
 J=  8    5.48         3.40         3.71         4.95         4.03         3.31        0.964         1.16         1.13
 J=  9    5.54         4.68         3.41         1.70         5.27         4.82         4.89         1.56         1.30
 J= 10    6.49         5.89         7.29         1.97         5.35         4.64         1.12         1.59         1.07
 J= 11    9.51         7.38         1.87         2.70         2.28         4.28         1.30         1.76         1.26
 J= 12    10.2         9.08         7.25         2.78         2.73         2.29         2.37         2.48         1.59
 J= 13    14.6         14.5         8.10         50.0         3.54         3.43         2.50         1.74         2.18
 J= 14    18.1         16.1         15.2         6.74         5.65         4.80         3.77         4.23         4.99
 J= 15    21.5         25.9         24.7         6.50         8.63         3.44         3.27         2.89         2.78
 J= 16    22.3         22.8         24.4         8.43         7.58         6.66         5.76         5.15         3.78
 J= 17    34.6         46.6         42.1         18.4         17.6         14.9         14.6         8.36         6.35
 J= 18    34.8         67.7         45.3         41.2         14.6         13.2         16.8         11.5         8.21
 J= 19    54.2         59.0         63.9         43.5         19.8         15.7         16.3         12.3         9.88
 J= 20    31.1         44.0         69.5         81.4         43.1         16.0         10.7         10.8         11.6
 J= 21    35.7         39.8         59.3         41.2         25.6         10.7         6.57         7.87         8.63
 J= 22    25.8         33.5         34.3         28.9         19.5         8.23         5.19         6.05         9.57
 J= 23    26.4         21.1         37.5         26.3         13.4         9.15         5.93         5.20         4.01
 J= 24    20.0         22.5         23.5         23.9         18.5         13.5         5.97         3.32         4.13
 J= 25    14.5         18.6         16.8         12.3         21.4         16.9         7.86         4.45         5.49

      I = 19           20           21           22           23           24           25
 J=  1    1.98         3.75         4.64         2.68         1.41         1.78         1.65
 J=  2    1.27         2.43         3.20         1.62         2.33         1.60         1.30
 J=  3    2.93         1.46         2.37         2.06         1.77         1.60         1.65
 J=  4    1.80         1.25         2.33         1.92         2.95         1.35         1.07
 J=  5    1.14         1.26         1.70         1.38         3.45         1.33         1.06
 J=  6    1.32         1.01         1.33         1.44         1.01         1.46         1.48
 J=  7    1.23         1.09         1.43         1.38        0.809         1.39         2.15
 J=  8    1.28        0.709         1.25         1.33         1.73         2.12         3.18
 J=  9    1.11        0.478        0.699         1.60         1.19         2.03         3.18
 J= 10    1.58        0.915        0.625         1.20         1.88         2.12         2.37
 J= 11    3.04         1.51         1.57         1.38         1.41         1.87         1.57
 J= 12    3.21         1.88         1.55         1.52         2.11         2.24         2.56
 J= 13    3.47         4.16         1.97         1.53         2.19         2.33         3.14
 J= 14    6.43         3.94         1.84         1.60         1.91         3.65         4.84
 J= 15    4.08         6.38         3.52         3.03         1.67         3.59         4.62
 J= 16    4.71         4.05         3.92         4.40         4.31         3.58         5.29
 J= 17    11.6         15.4         15.3         16.8         5.30         6.76         8.26
 J= 18    4.86         21.3         23.2         17.7         15.0         7.92         7.58
 J= 19    14.0         24.4         21.3         22.1         22.0         8.14         8.80
 J= 20    11.6         23.2         26.1         17.2         13.9         5.83         8.79
 J= 21    9.60         14.5         18.9         12.9         13.4         5.34         5.64
 J= 22    9.67         11.3         13.7         9.69         5.49         3.45         6.50
 J= 23    5.41         5.99         4.15         4.57         4.58         3.95         7.35
 J= 24    3.31         6.91         3.85         3.54         5.40         6.99         7.77
 J= 25    4.32         2.86         4.21         8.06         4.58         5.98         8.67


 Plane K = 2
      I =  1            2            3            4            5            6            7            8            9
 J=  1    14.4         8.70         9.69         7.35         6.09         6.50         5.36         8.67         11.1
 J=  2    9.68         5.67         6.03         10.0         11.8         9.84         7.17         11.1         10.9
 J=  3    12.8         12.4         11.1         10.2         7.74         7.07         8.16         13.1         10.8
 J=  4    17.0         13.7         9.19         15.2         18.4         8.19         8.97         9.48         10.1
 J=  5    23.5         19.7         12.8         9.98         21.5         19.9         13.3         7.47         6.63
 J=  6    12.3         17.0         26.9         23.8         19.7         22.2         14.0         11.7         8.80
 J=  7    17.8         20.8         19.6         23.9         32.9         35.3         19.8         14.6         12.6
 J=  8    14.9         10.3         10.2         11.9         20.5         19.8         24.4         12.9         8.60
 J=  9    11.1         11.9         9.73         16.8         21.6         21.6         20.5         15.9         10.5
 J= 10    11.0         7.47         6.83         11.3         13.6         26.1         23.1         15.6         13.2
 J= 11    7.24         6.21         6.74         6.60         13.9         21.1         22.0         12.7         10.8
 J= 12    5.73         5.51         6.08         8.64         19.0         20.3         12.9         13.0         12.1
 J= 13    6.04         4.41         5.48         14.9         15.6         13.3         12.3         7.43         13.0
 J= 14    3.62         5.07         6.19         9.51         9.54         15.1         7.59         11.2         6.90
 J= 15    2.97         4.61         5.97         7.88         9.81         11.9         8.26         12.6         15.3
 J= 16    2.86         4.12         6.02         4.89         2.38         13.7         8.11         15.6         18.4
 J= 17    2.97         3.62         5.21         1.99         2.15         9.38         10.7         15.1         15.2
 J= 18    4.73         5.31         2.47         2.70         2.48         12.0         8.95         10.4         12.9
 J= 19    5.67         6.44         2.63         2.11         8.71         9.44         8.19         9.82         21.1
 J= 20    4.58         1.52         1.59         2.12         2.66         2.66         10.9         11.8         15.5
 J= 21    4.54         1.47         1.86         2.31         3.19         3.60         9.80         10.7         19.3
 J= 22    7.34         6.88         1.90         2.68         4.21         4.99         3.26         3.94         4.32
 J= 23    8.17         8.95         3.12         3.16         3.51         5.85         7.19         5.22         21.7
 J= 24    8.21         3.11         3.23         3.76         4.56         6.53         6.20         18.2         22.7
 J= 25    1.45         1.94         1.96         4.57         6.10         7.70         6.94         6.30         20.3

      I = 10           11           12           13           14           15           16           17           18
 J=  1    4.60         3.52         2.79         1.96         2.43         2.20         2.07         2.33         3.67
 J=  2    5.44         4.05         2.45         2.38         2.09         2.18         2.19         1.76         2.47
 J=  3    4.71         5.06         3.67         3.20         1.88         1.94         1.90         1.36         2.75
 J=  4    8.91         7.86         7.08         6.68         3.11         1.93         1.36         2.51         2.93
 J=  5    12.9         9.86         7.27         5.61         3.84         1.97        0.642         2.31         2.16
 J=  6    12.3         8.53         9.50         6.95         4.97         1.47        0.706         2.18         1.90
 J=  7    10.1         10.1         2.89         3.42         6.70         1.63        0.762        0.839         2.44
 J=  8    10.0         12.2         13.4         3.53         2.18         7.87        0.931        0.823        0.933
 J=  9    9.17         10.4         12.4         3.14         1.63         1.02         1.21         1.24         1.97
 J= 10    7.42         12.6         11.8         5.15         1.69         1.37         1.87         1.06         1.29
 J= 11    7.15         5.56         6.37         4.36         4.41         3.50         1.56         1.34         3.45
 J= 12    12.2         7.67         5.78         5.35         4.59         2.23         2.52         2.25         5.36
 J= 13    17.6         28.7         7.79         50.0         21.3         3.48         1.94         2.46         2.37
 J= 14    31.8         24.4         7.15         10.7         3.12         3.90         3.63         2.95         3.31
 J= 15    17.8         13.8         18.2         2.39         2.00         2.32         3.68         3.26         3.62
 J= 16    15.0         12.9         13.5         2.02         1.93         2.70         3.95         4.19         4.04
 J= 17    14.4         15.7         2.65         2.74         2.57         9.73         3.45         4.75         5.17
 J= 18    15.6         5.59         3.36         3.43         2.35         8.10         15.2         23.3         18.4
 J= 19    3.66         4.09         3.60         2.80         7.89         12.0         18.1         20.9         24.7
 J= 20    5.44         6.07         18.5         17.5         12.9         11.5         15.9         19.9         14.5
 J= 21    3.48         24.1         20.3         18.1         13.5         14.2         16.3         17.8         21.4
 J= 22    25.8         21.5         18.2         21.4         16.2         22.2         22.0         27.8         17.8
 J= 23    22.3         17.5         19.6         23.0         21.2         22.0         35.1         20.2         18.5
 J= 24    20.0         5.47         5.51         6.36         18.3         17.6         28.5         21.9         25.5
 J= 25    20.9         4.95         4.55         26.0         16.7         20.7         26.8         20.1         20.4

      I = 19           20           21           22           23           24           25
 J=  1    4.15         4.06         1.71         2.36         3.19         1.99         1.83
 J=  2    2.68         3.63         4.91         3.30         3.22         2.55         1.71
 J=  3    2.84         3.16         3.81         5.06         2.24         1.68         1.87
 J=  4    2.19         3.31         3.36         1.36         1.20         1.81         1.80
 J=  5   0.683         1.16         4.92         3.87         3.16         1.91        0.996
 J=  6   0.702        0.951         3.28         4.37         4.04         3.08         1.27
 J=  7    1.14         1.26         3.43         3.16         2.91         3.07         1.32
 J=  8    3.32         1.53         4.66         1.80        0.616         1.11         1.43
 J=  9    3.71         3.65         3.97         3.18        0.769         1.21         1.19
 J= 10    3.63         4.38         4.19         1.81         1.90         1.26         1.57
 J= 11    4.23         4.71         2.32         2.54         2.77         2.08         2.85
 J= 12    5.04         5.90         3.54         2.86         2.66         3.42         2.68
 J= 13    3.49         3.16         2.57         4.31         4.25         2.39         3.15
 J= 14    3.92         3.62         3.45         3.46         3.54         2.83         2.16
 J= 15    10.3         4.39         9.39         3.89         3.49         4.48         3.36
 J= 16    4.42         5.23         5.37         3.77         3.88         5.03         7.37
 J= 17    19.0         20.1         4.49         11.7         8.15         10.3         10.3
 J= 18    24.6         30.9         10.9         7.44         8.68         9.94         8.73
 J= 19    28.8         9.65         10.5         7.70         12.4         9.56         9.21
 J= 20    23.4         11.0         6.01         4.54         11.7         13.2         6.00
 J= 21    29.1         25.2         19.6         10.1         16.4         27.2         8.07
 J= 22    15.0         18.8         21.0         9.45         9.77         10.3         8.42
 J= 23    11.4         15.2         16.3         18.7         6.86         5.18         6.17
 J= 24    13.4         14.0         4.51         19.2         4.87         5.67         5.18
 J= 25    11.9         13.7         9.22         3.56         3.76         6.33         4.93


 Plane K = 3
      I =  1            2            3            4            5            6            7            8            9
 J=  1    51.5         14.7         14.4         15.2         23.5         15.2         24.1         30.0         24.6
 J=  2    49.9         15.8         18.6         24.7         25.3         17.0         11.8         11.9         9.95
 J=  3    17.7         17.7         20.4         23.3         22.2         24.1         14.9         9.14         9.17
 J=  4    13.8         17.5         20.3         16.6         23.3         11.0         11.6         11.9         7.89
 J=  5    8.93         19.6         15.0         22.6         17.4         13.3         16.7         12.8         22.0
 J=  6    32.1         47.9         27.6         23.1         20.2         8.56         20.5         12.1         9.53
 J=  7    34.1         54.5         27.2         20.7         17.4         20.9         15.6         9.69         11.4
 J=  8    19.8         34.8         55.0         44.4         25.2         20.5         18.5         16.4         6.53
 J=  9    11.9         18.0         37.9         25.6         16.8         16.1         18.7         28.0         22.0
 J= 10    8.57         8.81         14.5         12.7         10.4         16.3         21.7         26.5         22.4
 J= 11    9.85         9.82         10.6         8.50         9.01         14.5         20.4         19.1         16.5
 J= 12    9.02         8.59         6.72         6.68         8.33         10.6         14.2         13.6         15.9
 J= 13    7.32         8.35         6.54         6.19         7.96         11.7         13.0         16.6         15.9
 J= 14    7.20         9.04         8.36         8.46         11.9         11.8         10.0         11.8         15.3
 J= 15    6.79         8.46         8.05         8.82         7.97         8.56         3.93         4.22         10.8
 J= 16    11.9         12.6         10.5         2.53         10.3         13.2         9.53         15.1         18.2
 J= 17    9.42         14.3         3.01         3.53         20.2         13.9         11.9         25.8         23.1
 J= 18    10.2         12.3         2.08         17.7         18.8         3.81         2.70         11.1         12.3
 J= 19    9.70         11.5         10.8         1.94         2.98         17.8         16.0         9.53         8.79
 J= 20    10.2         8.89         10.5         13.3         3.52         14.3         13.7         11.8         14.7
 J= 21    9.98         12.3         20.1         13.2         14.3         18.3         13.3         12.6         19.1
 J= 22    16.8         15.8         27.3         23.4         4.88         14.6         14.4         13.2         15.0
 J= 23    14.3         18.8         21.2         19.6         5.97         16.7         5.24         8.71         20.7
 J= 24    21.2         14.6         24.6         19.1         18.2         8.21         5.54         20.7         22.9
 J= 25    20.3         16.4         22.1         20.9         24.5         5.55         3.78         19.0         5.55

      I = 10           11           12           13           14           15           16           17           18
 J=  1    20.4         24.6         29.2         6.19         5.38         4.52         7.84         4.77         6.00
 J=  2    22.4         17.3         19.4         15.1         6.33         5.91         4.89         3.85         5.55
 J=  3    29.0         22.9         12.0         10.1         3.38         3.38         2.95         4.38         3.69
 J=  4    26.5         6.35         10.6         13.6         11.8         1.98         2.37         3.51         3.04
 J=  5    7.71         5.26         8.82         11.0         2.35         2.04         1.93         2.24         4.28
 J=  6    4.92         3.21         10.4         8.95         2.33         1.91         2.59         2.97         4.64
 J=  7    3.95         4.29         4.59         3.92         2.64         2.33         2.61         2.98         4.45
 J=  8    5.84         4.67         4.66         4.88         3.76         2.30         2.25         2.92         2.41
 J=  9    8.60         5.69         7.65         5.08         2.53         3.19         2.76         2.39         1.71
 J= 10    17.8         16.6         8.97         6.63         3.34         3.89         4.20         2.69         4.56
 J= 11    17.6         6.49         6.00         4.60         2.13         2.48         2.15         2.27         3.21
 J= 12    7.52         4.85         3.73         4.32         1.96         1.79         2.84         3.21         4.27
 J= 13    15.2         11.6         3.06         50.0         3.11         2.59         2.26         2.24         1.61
 J= 14    16.5         17.0         3.57         1.66         2.14         2.33         2.05         3.77         2.74
 J= 15    21.5         16.6         3.07         1.37         1.64         3.70         3.04         4.75         4.40
 J= 16    17.6         21.6         1.85         1.65         1.94         3.78         3.66         2.07         6.00
 J= 17    16.3         12.7         2.87         2.10         1.62         2.27         2.01         2.52         4.75
 J= 18    11.4         12.9         11.4         11.0         1.93         1.59         2.71         2.05         2.11
 J= 19    14.5         10.5         8.00         10.8         2.99         2.96         12.7         2.11         5.70
 J= 20    10.4         10.5         15.9         10.7         17.8         21.6         25.4         20.2         14.5
 J= 21    17.2         11.7         13.4         11.4         17.5         25.0         25.2         27.1         19.3
 J= 22    15.6         16.2         13.8         9.51         19.5         18.3         17.1         16.8         18.2
 J= 23    16.4         16.6         12.0         12.1         14.1         16.2         12.0         10.8         11.0
 J= 24    14.3         12.9         3.46         11.6         12.6         13.6         8.99         11.7         13.1
 J= 25    4.91         2.58         2.77         3.27         16.8         10.6         12.1         8.13         8.37

      I = 19           20           21           22           23           24           25
 J=  1    6.43         6.12         7.46         11.3         9.82         6.97         9.58
 J=  2    4.56         6.33         7.29         6.85         7.72         7.43         6.06
 J=  3    5.36         5.63         5.54         6.27         10.8         5.47         4.01
 J=  4    6.25         9.86         7.27         5.07         5.62         4.59         5.40
 J=  5    9.49         6.62         7.42         5.97         5.26         5.00         3.55
 J=  6    5.41         4.71         6.97         7.05         5.29         3.32         6.06
 J=  7    2.22         4.86         6.58         4.80         4.06         5.30         5.16
 J=  8    1.94         2.05         4.41         6.24         6.35         5.03         4.57
 J=  9    1.58         2.64         4.34         4.97         4.86         4.42         4.88
 J= 10    5.14         4.28         3.84         4.23         4.54         7.03         3.69
 J= 11    4.80         4.36         3.29         3.66         5.58         2.26         1.65
 J= 12    2.04         2.41         1.89         5.91         6.29         3.03         1.69
 J= 13    2.60         2.13         2.93         4.85         2.64         2.79         3.06
 J= 14    5.06         5.34         5.94         6.80         3.51         5.22         3.28
 J= 15    4.96         5.89         6.64         5.71         4.41         12.1         3.57
 J= 16    5.43         4.71         3.80         6.06         7.51         6.21         10.1
 J= 17    3.79         5.23         5.00         5.66         3.97         6.10         6.08
 J= 18    3.66         6.13         7.54         6.93         8.42         3.18         5.63
 J= 19    4.70         5.42         7.72         10.1         12.0         5.16         3.81
 J= 20    20.5         5.27         7.80         4.19         5.22         3.70         3.25
 J= 21    5.25         4.32         5.17         5.45         6.42         6.41         4.81
 J= 22    14.0         15.7         15.2         14.4         6.16         5.65         5.72
 J= 23    11.4         15.1         7.13         14.6         13.3         15.6         4.00
 J= 24    8.26         10.3         16.0         12.2         13.1         3.97         3.19
 J= 25    8.58         13.4         10.6         9.37         2.61         3.10         2.51
