 Plane K = 1
      I =  1        2        3        4        5        6        7        8        9       10       11       12       13       14
 J=  1   0.196    0.213    0.144    0.211    0.268    0.274    0.267    0.273    0.272    0.285    0.175    0.304    0.299    0.196
 J=  2   0.194    0.165    0.203    0.274    0.274    0.273    0.285    0.279    0.278    0.284    0.294    0.299    0.303    0.176
 J=  3   0.268    0.275    0.267    0.273    0.285    0.285    0.290    0.284    0.283    0.283    0.298    0.307    0.298    0.134
 J=  4   0.274    0.267    0.267    0.266    0.285    0.284    0.289    0.283    0.283    0.282    0.288    0.302    0.287    0.287
 J=  5   0.274    0.273    0.272    0.265    0.278    0.277    0.283    0.282    0.282    0.275    0.281    0.292    0.292    0.286
 J=  6   0.266    0.259    0.258    0.258    0.257    0.257    0.282    0.275    0.268    0.268    0.267    0.273    0.280    0.285
 J=  7   0.259    0.258    0.257    0.257    0.263    0.262    0.262    0.274    0.267    0.267    0.266    0.259    0.272    0.279
 J=  8   0.258    0.257    0.257    0.256    0.256    0.255    0.254    0.260    0.266    0.266    0.259    0.258    0.272    0.284
 J=  9   0.251    0.250    0.243    0.249    0.255    0.248    0.260    0.253    0.266    0.265    0.265    0.258    0.029    0.277
 J= 10   0.237    0.243    0.242    0.242    0.248    0.247    0.259    0.259    0.265    0.264    0.257    0.257    0.036    0.276
 J= 11   0.243    0.242    0.248    0.247    0.247    0.240    0.265    0.265    0.264    0.264    0.250    0.036    0.036    0.035
 J= 12   0.248    0.248    0.247    0.253    0.272    0.272    0.265    0.271    0.257    0.263    0.262    0.269    0.049    0.042
 J= 13   0.241    0.241    0.253    0.259    0.271    0.271    0.264    0.283    0.276    0.269    0.262    0.248    0.300    0.042
 J= 14   0.033    0.246    0.252    0.258    0.264    0.270    0.276    0.276    0.275    0.261    0.254    0.248    0.056    0.041
 J= 15   0.240    0.245    0.251    0.270    0.263    0.263    0.269    0.268    0.274    0.261    0.254    0.253    0.048    0.055
 J= 16   0.245    0.251    0.250    0.256    0.262    0.262    0.255    0.254    0.274    0.260    0.253    0.246    0.055    0.055
 J= 17   0.251    0.250    0.045    0.052    0.255    0.261    0.254    0.254    0.241    0.253    0.246    0.246    0.233    0.225
 J= 18   0.256    0.249    0.045    0.058    0.254    0.248    0.247    0.253    0.240    0.246    0.246    0.232    0.232    0.224
 J= 19   0.256    0.045    0.059    0.058    0.254    0.247    0.077    0.246    0.239    0.239    0.239    0.216    0.224    0.215
 J= 20   0.039    0.045    0.058    0.058    0.071    0.077    0.076    0.082    0.081    0.232    0.224    0.215    0.215    0.214
 J= 21   0.066    0.059    0.051    0.064    0.070    0.076    0.082    0.076    0.075    0.192    0.177    0.204    0.190    0.174
 J= 22   0.235    0.051    0.051    0.064    0.064    0.070    0.069    0.069    0.192    0.159    0.190    0.175    0.157    0.156
 J= 23   0.227    0.227    0.058    0.050    0.057    0.056    0.049    0.055    0.055    0.158    0.157    0.188    0.188    0.172
 J= 24   0.234    0.071    0.064    0.064    0.056    0.049    0.048    0.048    0.054    0.054    0.188    0.201    0.200    0.186
 J= 25   0.246    0.071    0.064    0.063    0.049    0.049    0.048    0.048    0.047    0.053    0.172    0.200    0.199    0.198

       I = 15       16       17       18       19       20       21       22       23       24       25
 J=  1   0.140    0.185    0.116    0.034    0.034    0.040    0.046    0.039    0.032    0.032    0.032
 J=  2   0.231    0.200    0.195    0.034    0.034    0.033    0.033    0.033    0.032    0.026    0.026
 J=  3   0.213    0.223    0.175    0.196    0.198    0.027    0.033    0.026    0.026    0.020    0.026
 J=  4   0.287    0.190    0.195    0.166    0.147    0.027    0.033    0.026    0.175    0.020    0.014
 J=  5   0.286    0.173    0.182    0.128    0.027    0.033    0.026    0.020    0.169    0.014    0.020
 J=  6   0.273    0.149    0.034    0.027    0.021    0.026    0.020    0.020    0.015    0.014    0.019
 J=  7   0.278    0.022    0.028    0.027    0.015    0.026    0.020    0.020    0.014    0.019    0.019
 J=  8   0.278    0.022    0.034    0.021    0.015    0.020    0.020    0.015    0.019    0.025    0.025
 J=  9   0.277    0.276    0.028    0.016    0.015    0.015    0.020    0.020    0.025    0.025    0.025
 J= 10   0.276    0.041    0.034    0.027    0.147    0.026    0.032    0.031    0.038    0.037    0.031
 J= 11   0.275    0.034    0.034    0.027    0.189    0.032    0.038    0.045    0.044    0.031    0.030
 J= 12   0.034    0.048    0.040    0.027    0.166    0.032    0.045    0.045    0.037    0.037    0.037
 J= 13   0.041    0.047    0.047    0.040    0.166    0.166    0.052    0.038    0.037    0.037    0.030
 J= 14   0.041    0.047    0.169    0.169    0.169    0.039    0.032    0.038    0.037    0.037    0.037
 J= 15   0.047    0.047    0.053    0.039    0.046    0.038    0.045    0.044    0.051    0.044    0.043
 J= 16   0.054    0.054    0.053    0.046    0.059    0.045    0.052    0.051    0.051    0.050    0.050
 J= 17   0.239    0.238    0.224    0.073    0.250    0.249    0.249    0.249    0.057    0.064    0.064
 J= 18   0.231    0.231    0.214    0.230    0.059    0.249    0.249    0.248    0.242    0.057    0.064
 J= 19   0.214    0.223    0.222    0.222    0.236    0.236    0.242    0.235    0.235    0.057    0.057
 J= 20   0.203    0.174    0.202    0.212    0.168    0.168    0.228    0.228    0.227    0.043    0.047
 J= 21   0.174    0.155    0.201    0.187    0.171    0.168    0.168    0.168    0.226    0.047    0.047
 J= 22   0.136    0.171    0.153    0.185    0.163    0.166    0.168    0.166    0.047    0.047    0.040
 J= 23   0.200    0.186    0.151    0.155    0.160    0.160    0.051    0.050    0.054    0.054    0.047
 J= 24   0.185    0.168    0.150    0.155    0.182    0.207    0.037    0.047    0.047    0.054    0.040
 J= 25   0.168    0.149    0.110    0.165    0.146    0.030    0.179    0.215    0.040    0.047    0.033


 Plane K = 2
      I =  1        2        3        4        5        6        7        8        9       10       11       12       13       14
 J=  1   0.284    0.176    0.179    0.179    0.186    0.186    0.193    0.290    0.278    0.189    0.188    0.188    0.188    0.188
 J=  2   0.277    0.173    0.179    0.183    0.182    0.277    0.193    0.277    0.271    0.188    0.188    0.184    0.188    0.188
 J=  3   0.276    0.288    0.263    0.186    0.190    0.269    0.276    0.263    0.276    0.185    0.184    0.192    0.188    0.184
 J=  4   0.269    0.262    0.182    0.186    0.269    0.269    0.281    0.269    0.275    0.276    0.269    0.276    0.276    0.180
 J=  5   0.268    0.261    0.182    0.182    0.274    0.281    0.268    0.248    0.261    0.261    0.268    0.268    0.262    0.262
 J=  6   0.172    0.253    0.260    0.273    0.260    0.267    0.260    0.267    0.260    0.274    0.267    0.261    0.268    0.268
 J=  7   0.272    0.266    0.259    0.272    0.272    0.272    0.266    0.279    0.279    0.273    0.266    0.003    0.010    0.267
 J=  8   0.271    0.258    0.258    0.185    0.271    0.284    0.284    0.284    0.284    0.278    0.278    0.285    0.019    0.019
 J=  9   0.277    0.264    0.257    0.270    0.277    0.289    0.283    0.283    0.277    0.277    0.290    0.295    0.014    0.010
 J= 10   0.282    0.276    0.276    0.270    0.288    0.288    0.288    0.288    0.289    0.289    0.294    0.303    0.195    0.007
 J= 11   0.275    0.282    0.275    0.282    0.288    0.288    0.288    0.288    0.288    0.288    0.196    0.195    0.195    0.191
 J= 12   0.274    0.281    0.281    0.274    0.297    0.292    0.281    0.287    0.287    0.297    0.192    0.187    0.187    0.187
 J= 13   0.286    0.286    0.291    0.296    0.291    0.286    0.286    0.286    0.292    0.297    0.305    0.184    0.300    0.309
 J= 14   0.295    0.290    0.295    0.296    0.291    0.279    0.279    0.291    0.180    0.305    0.305    0.183    0.312    0.016
 J= 15   0.289    0.289    0.295    0.290    0.290    0.295    0.290    0.295    0.300    0.304    0.308    0.304    0.012    0.011
 J= 16   0.277    0.294    0.294    0.283    0.020    0.299    0.289    0.299    0.307    0.303    0.303    0.303    0.008    0.012
 J= 17   0.282    0.282    0.293    0.033    0.021    0.298    0.298    0.294    0.307    0.303    0.298    0.013    0.023    0.022
 J= 18   0.292    0.287    0.041    0.034    0.027    0.302    0.293    0.293    0.302    0.306    0.018    0.029    0.023    0.017
 J= 19   0.286    0.297    0.055    0.047    0.301    0.301    0.297    0.301    0.306    0.014    0.030    0.030    0.036    0.292
 J= 20   0.291    0.055    0.048    0.048    0.040    0.033    0.296    0.301    0.305    0.025    0.031    0.301    0.297    0.286
 J= 21   0.290    0.049    0.035    0.034    0.040    0.040    0.296    0.300    0.300    0.025    0.300    0.296    0.291    0.291
 J= 22   0.290    0.295    0.028    0.041    0.041    0.054    0.040    0.046    0.046    0.304    0.300    0.295    0.290    0.290
 J= 23   0.289    0.294    0.042    0.048    0.041    0.054    0.047    0.047    0.303    0.299    0.299    0.304    0.289    0.290
 J= 24   0.298    0.029    0.035    0.042    0.041    0.054    0.068    0.298    0.303    0.299    0.066    0.052    0.045    0.299
 J= 25   0.030    0.043    0.042    0.042    0.055    0.068    0.068    0.067    0.293    0.298    0.073    0.072    0.302    0.303

      I = 15       16       17       18       19       20       21       22       23       24       25
 J=  1   0.188    0.184    0.180    0.176    0.176    0.176    0.005    0.005    0.002    0.002    0.000
 J=  2   0.188    0.187    0.180    0.173    0.173    0.176    0.176    0.005    0.005    0.005    0.002
 J=  3   0.184    0.187    0.183    0.176    0.173    0.173    0.170    0.176    0.009    0.005    0.008
 J=  4   0.177    0.176    0.176    0.180    0.170    0.170    0.167    0.001    0.001    0.005    0.013
 J=  5   0.177    0.005    0.173    0.173    0.007    0.004    0.167    0.173    0.167    0.005    0.009
 J=  6   0.013    0.013    0.176    0.176    0.002    0.002    0.164    0.164    0.162    0.162    0.009
 J=  7   0.013    0.005    0.005    0.176    0.002    0.002    0.162    0.162    0.164    0.164    0.014
 J=  8   0.291    0.003    0.002    0.002    0.165    0.004    0.164    0.162    0.006    0.006    0.019
 J=  9   0.009    0.009    0.003    0.005    0.170    0.167    0.167    0.167    0.010    0.010    0.014
 J= 10   0.006    0.003    0.001    0.001    0.167    0.170    0.167    0.016    0.015    0.010    0.010
 J= 11   0.187    0.001    0.001    0.170    0.167    0.170    0.012    0.011    0.016    0.021    0.026
 J= 12   0.007    0.004    0.010    0.170    0.167    0.170    0.013    0.016    0.016    0.016    0.027
 J= 13   0.011    0.004    0.010    0.014    0.019    0.018    0.024    0.023    0.023    0.022    0.033
 J= 14   0.011    0.011    0.020    0.020    0.014    0.024    0.024    0.023    0.023    0.029    0.028
 J= 15   0.016    0.027    0.020    0.020    0.175    0.025    0.169    0.018    0.018    0.029    0.035
 J= 16   0.016    0.021    0.026    0.020    0.010    0.014    0.014    0.013    0.018    0.029    0.029
 J= 17   0.294    0.011    0.021    0.020    0.295    0.299    0.014    0.166    0.024    0.030    0.029
 J= 18   0.293    0.293    0.294    0.299    0.303    0.307    0.169    0.031    0.037    0.043    0.043
 J= 19   0.293    0.293    0.293    0.298    0.298    0.169    0.169    0.031    0.031    0.044    0.036
 J= 20   0.292    0.292    0.292    0.297    0.302    0.166    0.166    0.032    0.171    0.044    0.024
 J= 21   0.291    0.291    0.296    0.301    0.305    0.297    0.297    0.166    0.166    0.168    0.025
 J= 22   0.290    0.296    0.300    0.301    0.301    0.296    0.296    0.168    0.166    0.038    0.031
 J= 23   0.295    0.304    0.300    0.304    0.295    0.296    0.296    0.296    0.046    0.032    0.032
 J= 24   0.299    0.303    0.303    0.304    0.295    0.295    0.047    0.290    0.053    0.032    0.026
 J= 25   0.307    0.303    0.303    0.299    0.294    0.289    0.289    0.047    0.047    0.039    0.026


 Plane K = 3
      I =  1        2        3        4        5        6        7        8        9       10       11       12       13       14
 J=  1   0.310    0.129    0.119    0.116    0.119    0.126    0.308    0.312    0.309    0.313    0.317    0.322    0.117    0.117
 J=  2   0.306    0.125    0.125    0.119    0.122    0.126    0.123    0.123    0.127    0.313    0.309    0.317    0.318    0.127
 J=  3   0.132    0.122    0.119    0.126    0.122    0.133    0.130    0.130    0.126    0.309    0.309    0.306    0.306    0.131
 J=  4   0.128    0.128    0.133    0.133    0.126    0.129    0.126    0.126    0.126    0.304    0.130    0.309    0.321    0.314
 J=  5   0.124    0.132    0.132    0.137    0.133    0.129    0.282    0.289    0.299    0.123    0.126    0.309    0.313    0.130
 J=  6   0.304    0.295    0.132    0.136    0.132    0.133    0.275    0.282    0.283    0.122    0.126    0.304    0.305    0.130
 J=  7   0.303    0.295    0.128    0.136    0.136    0.280    0.274    0.281    0.288    0.125    0.125    0.125    0.129    0.129
 J=  8   0.298    0.294    0.294    0.290    0.290    0.285    0.279    0.292    0.125    0.129    0.129    0.032    0.125    0.125
 J=  9   0.290    0.296    0.296    0.291    0.292    0.292    0.281    0.293    0.299    0.132    0.132    0.128    0.128    0.128
 J= 10   0.289    0.295    0.290    0.291    0.291    0.286    0.297    0.297    0.298    0.303    0.303    0.136    0.132    0.136
 J= 11   0.294    0.289    0.289    0.290    0.290    0.291    0.301    0.305    0.302    0.302    0.135    0.131    0.131    0.131
 J= 12   0.293    0.294    0.283    0.289    0.295    0.295    0.304    0.305    0.305    0.131    0.124    0.124    0.131    0.131
 J= 13   0.297    0.298    0.288    0.298    0.299    0.303    0.304    0.304    0.304    0.305    0.301    0.130    0.300    0.130
 J= 14   0.301    0.301    0.306    0.306    0.306    0.307    0.307    0.307    0.308    0.308    0.309    0.130    0.019    0.014
 J= 15   0.304    0.305    0.305    0.309    0.313    0.310    0.142    0.142    0.307    0.308    0.304    0.014    0.014    0.014
 J= 16   0.308    0.304    0.308    0.049    0.309    0.313    0.310    0.310    0.307    0.303    0.311    0.015    0.014    0.014
 J= 17   0.307    0.303    0.029    0.029    0.312    0.309    0.313    0.309    0.306    0.302    0.307    0.020    0.020    0.014
 J= 18   0.306    0.307    0.029    0.307    0.308    0.029    0.041    0.309    0.301    0.302    0.310    0.310    0.307    0.020
 J= 19   0.302    0.302    0.302    0.023    0.029    0.299    0.300    0.300    0.300    0.305    0.305    0.306    0.306    0.020
 J= 20   0.305    0.309    0.306    0.310    0.029    0.303    0.299    0.299    0.300    0.308    0.305    0.305    0.306    0.306
 J= 21   0.300    0.305    0.305    0.305    0.302    0.298    0.298    0.299    0.311    0.311    0.308    0.308    0.305    0.309
 J= 22   0.295    0.295    0.304    0.309    0.050    0.297    0.298    0.298    0.303    0.311    0.311    0.308    0.304    0.309
 J= 23   0.289    0.299    0.295    0.304    0.050    0.296    0.050    0.297    0.306    0.310    0.307    0.307    0.312    0.312
 J= 24   0.293    0.294    0.299    0.294    0.295    0.050    0.043    0.309    0.309    0.302    0.302    0.017    0.307    0.311
 J= 25   0.287    0.275    0.293    0.294    0.289    0.044    0.043    0.308    0.043    0.043    0.029    0.017    0.022    0.315

      I = 15       16       17       18       19       20       21       22       23       24       25
 J=  1   0.121    0.124    0.127    0.131    0.127    0.124    0.124    0.124    0.123    0.131    0.134
 J=  2   0.127    0.135    0.135    0.135    0.131    0.134    0.134    0.130    0.134    0.138    0.069
 J=  3   0.135    0.135    0.138    0.130    0.130    0.138    0.134    0.134    0.138    0.142    0.063
 J=  4   0.134    0.134    0.134    0.130    0.130    0.134    0.138    0.142    0.141    0.050    0.049
 J=  5   0.134    0.134    0.134    0.130    0.130    0.130    0.141    0.141    0.145    0.149    0.036
 J=  6   0.133    0.130    0.133    0.129    0.129    0.129    0.137    0.145    0.145    0.037    0.148
 J=  7   0.126    0.126    0.129    0.129    0.028    0.133    0.133    0.140    0.144    0.140    0.144
 J=  8   0.125    0.122    0.125    0.023    0.023    0.034    0.132    0.136    0.140    0.140    0.144
 J=  9   0.125    0.121    0.030    0.030    0.029    0.128    0.132    0.136    0.139    0.143    0.151
 J= 10   0.132    0.128    0.044    0.132    0.135    0.131    0.131    0.131    0.139    0.135    0.143
 J= 11   0.124    0.131    0.029    0.139    0.135    0.135    0.135    0.135    0.139    0.026    0.020
 J= 12   0.127    0.127    0.135    0.135    0.041    0.139    0.039    0.138    0.138    0.039    0.026
 J= 13   0.134    0.130    0.138    0.022    0.028    0.040    0.046    0.149    0.032    0.031    0.026
 J= 14   0.130    0.138    0.138    0.023    0.149    0.149    0.149    0.149    0.032    0.025    0.030
 J= 15   0.142    0.141    0.137    0.145    0.149    0.149    0.149    0.149    0.032    0.148    0.031
 J= 16   0.145    0.141    0.018    0.141    0.148    0.152    0.152    0.148    0.148    0.032    0.038
 J= 17   0.014    0.014    0.018    0.144    0.144    0.148    0.144    0.148    0.020    0.026    0.038
 J= 18   0.019    0.025    0.019    0.018    0.148    0.148    0.147    0.147    0.147    0.020    0.038
 J= 19   0.020    0.304    0.024    0.151    0.147    0.143    0.143    0.147    0.147    0.026    0.052
 J= 20   0.307    0.311    0.304    0.300    0.301    0.017    0.143    0.016    0.016    0.033    0.045
 J= 21   0.314    0.314    0.311    0.304    0.024    0.029    0.028    0.028    0.047    0.046    0.053
 J= 22   0.313    0.313    0.314    0.307    0.304    0.308    0.297    0.293    0.047    0.047    0.053
 J= 23   0.312    0.313    0.310    0.307    0.299    0.300    0.291    0.297    0.282    0.294    0.053
 J= 24   0.308    0.305    0.305    0.306    0.294    0.289    0.308    0.297    0.292    0.040    0.039
 J= 25   0.311    0.308    0.305    0.301    0.298    0.303    0.304    0.296    0.028    0.027    0.033
